Time,Value
4143,169
4153,169
4164,169
4174,169
4185,169
4195,169
4205,169
4215,169
4227,169
4237,169
4247,169
4257,169
4268,169
4278,169
4289,169
4299,169
4310,169
4320,169
4330,169
4340,169
4350,169
4362,169
4372,169
4382,169
4392,170
4403,169
4413,169
4424,169
4434,169
4445,169
4455,170
4465,170
4475,170
4486,170
4497,170
4507,170
4517,170
4528,170
4538,170
4548,170
4559,170
4570,171
4580,171
4590,171
4600,171
4611,171
4622,171
4632,171
4642,171
4653,171
4663,171
4673,171
4683,171
4695,172
4705,172
4715,172
4725,172
4736,171
4746,171
4757,171
4767,172
4777,172
4788,172
4798,172
4808,172
4818,172
4830,172
4840,172
4850,172
4860,172
4871,172
4881,172
4892,172
4902,172
4913,172
4923,172
4933,172
4943,171
4955,171
4965,171
4975,171
4985,171
4996,171
5006,171
5016,171
5027,171
5038,171
5048,171
5058,170
5068,170
5079,170
5090,170
5100,170
5110,170
5121,170
5131,170
5141,170
5151,170
5163,170
5173,170
5183,170
5193,170
5203,170
5214,170
5225,170
5235,170
5245,170
5256,170
5266,169
5276,169
5287,169
5298,169
5308,169
5318,169
5328,169
5339,169
5349,169
5360,169
5370,169
5381,169
5391,169
5401,169
5411,170
5423,170
5433,170
5443,170
5453,170
5464,170
5474,170
5484,170
5495,170
5506,170
5516,170
5526,170
5536,171
5547,171
5558,171
5568,171
5578,171
5588,171
5599,171
5609,171
5620,171
5630,171
5641,171
5651,171
5661,172
5671,172
5682,171
5693,171
5703,171
5713,171
5724,172
5734,172
5744,172
5755,172
5766,172
5776,172
5786,172
5796,172
5807,172
5817,172
5828,172
5838,172
5849,172
5859,173
5869,173
5879,173
5891,172
5901,172
5911,172
5921,172
5932,172
5942,172
5953,172
5963,172
5974,172
5984,172
5994,172
6004,172
6014,172
6026,171
6036,171
6046,171
6056,171
6067,172
6077,172
6088,172
6098,171
6109,171
6119,171
6129,171
6139,171
6150,171
6161,171
6171,171
6181,171
6192,171
6202,171
6212,170
6223,170
6234,170
6244,170
6254,170
6264,170
6275,170
6286,170
6296,170
6306,170
6317,170
6327,169
6337,169
6347,169
6359,169
6369,169
6379,169
6389,169
6400,170
6410,170
6421,169
6431,169
6441,169
6452,169
6462,169
6472,169
6482,170
6494,170
6504,170
