Frequency,Amplitudes
0,-71.3897
4.93213,-69.7897
9.86427,-76.1897
14.7964,-92.9897
19.72854,-85.7897
24.66067,-84.5897
29.5928,-83.7897
34.52494,-85.7897
39.45707,-96.1897
44.3892,-95.3897
49.32134,-79.3897
54.25347,-74.1897
59.18561,-74.1897
64.11774,-73.3897
69.04987,-75.3897
73.98201,-76.9897
78.91414,-81.3897
83.84627,-100.5897
88.7784,-93.3897
93.71053,-91.7897
98.64266,-89.7897
103.57479,-89.7897
108.50692,-89.7897
113.43905,-92.1897
118.37118,-95.3897
123.30331,-93.3897
128.23544,-93.3897
133.16757,-96.1897
138.0997,-94.9897
143.03183,-93.3897
147.96396,-90.5897
152.89609,-90.1897
157.82822,-92.5897
162.76035,-94.9897
167.69248,-96.1897
172.62461,-100.5897
177.55674,-106.9897
182.48887,-106.9897
187.421,-100.5897
192.35313,-100.5897
197.28526,-100.5897
202.21739,-101.3897
207.14952,-96.1897
212.08165,-94.5897
217.01378,-106.9897
221.94591,-106.9897
226.87804,-97.3897
231.81017,-101.3897
236.7423,-95.3897
241.67443,-93.3897
246.60656,-87.3897
251.53869,-74.1897
256.47082,-68.5897
261.40295,-68.1897
266.33508,-68.9897
271.26721,-76.1897
276.19934,-90.5897
281.13147,-92.9897
286.0636,-97.3897
290.99573,-97.3897
295.92786,-93.3897
300.85999,-94.5897
305.79212,-96.1897
310.72425,-91.7897
315.65638,-91.7897
320.58851,-94.9897
325.52064,-101.3897
330.45277,-96.1897
335.3849,-100.5897
340.31703,-104.5897
345.24916,-104.5897
350.18129,-106.9897
355.11342,-101.3897
360.04555,-98.5897
364.97768,-91.7897
369.90981,-91.7897
374.84194,-93.3897
379.77407,-97.7897
384.7062,-93.3897
389.63833,-93.3897
394.57046,-100.5897
399.50259,-97.3897
404.43472,-97.7897
409.36685,-94.9897
414.29898,-86.5897
419.23111,-87.3897
424.16324,-88.5897
429.09537,-90.1897
434.0275,-90.9897
438.95963,-92.1897
443.89176,-97.3897
448.82389,-97.7897
453.75602,-95.3897
458.68815,-96.1897
463.62028,-91.7897
468.55241,-88.5897
473.48454,-87.7897
478.41667,-88.9897
483.3488,-90.5897
488.28093,-91.7897
493.21306,-92.1897
498.14519,-94.5897
503.07732,-94.9897
508.00945,-93.3897
512.94158,-94.9897
517.87371,-91.7897
522.80584,-90.5897
527.73797,-97.7897
532.6701,-94.9897
537.60223,-95.3897
542.53436,-94.9897
547.46649,-96.1897
552.39862,-88.1897
557.33075,-86.9897
562.26288,-88.5897
567.19501,-87.7897
572.12714,-92.9897
577.05927,-93.3897
581.9914,-96.1897
586.92353,-94.9897
591.85566,-91.7897
596.78779,-87.3897
601.71992,-88.1897
606.65205,-94.5897
611.58418,-96.1897
616.51631,-100.5897
621.44844,-106.9897
626.38057,-87.3897
631.3127,-83.7897
636.24483,-84.9897
641.17696,-87.3897
646.10909,-91.3897
651.04122,-92.5897
655.97335,-91.3897
660.90548,-93.3897
665.83761,-94.9897
670.76974,-96.1897
675.70187,-91.3897
680.634,-88.9897
685.56613,-84.9897
690.49826,-84.1897
695.43039,-85.7897
700.36252,-90.5897
705.29465,-92.1897
710.22678,-94.9897
715.15891,-106.9897
720.09104,-97.7897
725.02317,-97.3897
729.9553,-96.1897
734.88743,-106.9897
739.81956,-100.5897
744.75169,-100.5897
749.68382,-104.5897
754.61595,-95.3897
759.54808,-89.7897
764.48021,-91.7897
769.41234,-88.9897
774.34447,-88.5897
779.2766,-88.1897
784.20873,-90.1897
789.14086,-90.9897
794.07299,-97.7897
799.00512,-92.1897
803.93725,-90.5897
808.86938,-91.3897
813.80151,-97.7897
818.73364,-104.5897
823.66577,-104.5897
828.5979,-98.5897
833.53003,-96.1897
838.46216,-93.3897
843.39429,-97.7897
848.32642,-88.1897
853.25855,-106.9897
858.19068,-86.5897
863.12281,-88.9897
868.05494,-79.3897
872.98707,-74.5897
877.9192,-64.5897
882.85133,-46.1897
887.78346,-34.9897
892.71559,-32.9897
897.64772,-32.9897
902.57985,-36.5897
907.51198,-53.3897
912.44411,-67.7897
917.37624,-75.3897
922.30837,-85.7897
927.2405,-83.3897
932.17263,-104.5897
937.10476,-87.3897
942.03689,-95.3897
946.96902,-91.7897
951.90115,-106.9897
956.83328,-104.5897
961.76541,-97.3897
966.69754,-100.5897
971.62967,-106.9897
976.5618,-94.9897
981.49393,-90.9897
986.42606,-89.3897
991.35819,-90.5897
996.29032,-97.7897
1001.22245,-96.1897
1006.15458,-92.5897
1011.08671,-89.3897
1016.01884,-89.3897
1020.95097,-90.5897
1025.8831,-93.3897
1030.81523,-94.5897
1035.74736,-100.5897
1040.67949,-106.9897
1045.61162,-97.7897
1050.54375,-97.3897
1055.47588,-100.5897
1060.40801,-96.1897
1065.34014,-93.3897
1070.27227,-94.9897
1075.2044,-94.9897
1080.13653,-96.1897
1085.06866,-96.1897
1090.00079,-88.1897
1094.93292,-84.5897
1099.86505,-83.7897
1104.79718,-85.7897
1109.72931,-89.7897
1114.66144,-94.9897
1119.59357,-94.5897
1124.5257,-94.9897
1129.45783,-93.3897
1134.38996,-94.9897
1139.32209,-93.3897
1144.25422,-88.5897
1149.18635,-85.7897
1154.11848,-83.7897
1159.05061,-83.7897
1163.98274,-88.5897
1168.91487,-94.9897
1173.847,-94.9897
1178.77913,-94.9897
1183.71126,-93.3897
1188.64339,-91.3897
1193.57552,-97.3897
1198.50765,-94.5897
1203.43978,-97.7897
1208.37191,-90.9897
1213.30404,-97.3897
1218.23617,-89.3897
1223.1683,-86.5897
1228.10043,-86.9897
1233.03256,-91.7897
1237.96469,-95.3897
1242.89682,-94.5897
1247.82895,-90.9897
1252.76108,-101.3897
1257.69321,-100.5897
1262.62534,-94.5897
1267.55747,-89.7897
1272.4896,-91.7897
1277.42173,-94.9897
1282.35386,-91.7897
1287.28599,-93.3897
1292.21812,-94.9897
1297.15025,-95.3897
1302.08238,-96.1897
1307.01451,-92.1897
1311.94664,-89.7897
1316.87877,-91.3897
1321.8109,-92.9897
1326.74303,-100.5897
1331.67516,-96.1897
1336.60729,-94.9897
1341.53942,-104.5897
1346.47155,-97.7897
1351.40368,-94.9897
1356.33581,-94.9897
1361.26794,-91.7897
1366.20007,-89.3897
1371.1322,-86.9897
1376.06433,-88.1897
1380.99646,-100.5897
1385.92859,-98.5897
1390.86072,-100.5897
1395.79285,-97.7897
1400.72498,-94.9897
1405.65711,-90.1897
1410.58924,-86.5897
1415.52137,-86.1897
1420.4535,-88.9897
1425.38563,-94.9897
1430.31776,-104.5897
1435.24989,-104.5897
1440.18202,-100.5897
1445.11415,-97.7897
1450.04628,-95.3897
1454.97841,-92.9897
1459.91054,-94.5897
1464.84267,-104.5897
1469.7748,-97.3897
1474.70693,-96.1897
1479.63906,-98.5897
1484.57119,-104.5897
1489.50332,-96.1897
1494.43545,-93.3897
1499.36758,-94.5897
1504.29971,-94.5897
1509.23184,-92.9897
1514.16397,-89.7897
1519.0961,-81.3897
1524.02823,-76.5897
1528.96036,-76.5897
1533.89249,-77.7897
1538.82462,-83.3897
1543.75675,-88.5897
1548.68888,-91.3897
1553.62101,-96.1897
1558.55314,-100.5897
1563.48527,-94.9897
1568.4174,-96.1897
1573.34953,-104.5897
1578.28166,-101.3897
1583.21379,-100.5897
1588.14592,-98.5897
1593.07805,-104.5897
1598.01018,-106.9897
1602.94231,-100.5897
1607.87444,-95.3897
1612.80657,-97.3897
1617.7387,-96.1897
1622.67083,-96.1897
1627.60296,-93.3897
1632.53509,-94.5897
1637.46722,-91.7897
1642.39935,-89.7897
1647.33148,-89.7897
1652.26361,-91.3897
1657.19574,-95.3897
1662.12787,-92.9897
1667.06,-94.9897
1671.99213,-106.9897
1676.92426,-98.5897
1681.85639,-93.3897
1686.78852,-90.1897
1691.72065,-91.3897
1696.65278,-93.3897
1701.58491,-96.1897
1706.51704,-87.7897
1711.44917,-74.5897
1716.3813,-72.5897
1721.31343,-71.7897
1726.24556,-72.5897
1731.17769,-75.7897
1736.10982,-76.5897
1741.04195,-84.5897
1745.97408,-100.5897
1750.90621,-92.1897
1755.83834,-85.3897
1760.77047,-85.3897
1765.7026,-84.9897
1770.63473,-86.9897
1775.56686,-92.9897
1780.49899,-74.5897
1785.43112,-70.1897
1790.36325,-69.7897
1795.29538,-71.7897
1800.22751,-81.3897
1805.15964,-90.1897
1810.09177,-86.5897
1815.0239,-84.9897
1819.95603,-84.1897
1824.88816,-86.9897
1829.82029,-96.1897
1834.75242,-91.7897
1839.68455,-78.1897
1844.61668,-74.9897
1849.54881,-74.9897
1854.48094,-76.5897
1859.41307,-83.7897
1864.3452,-89.3897
1869.27733,-106.9897
1874.20946,-94.5897
1879.14159,-95.3897
1884.07372,-96.1897
1889.00585,-90.9897
1893.93798,-88.1897
1898.87011,-88.1897
1903.80224,-88.5897
1908.73437,-92.9897
1913.6665,-93.3897
1918.59863,-94.9897
1923.53076,-106.9897
1928.46289,-100.5897
1933.39502,-93.3897
1938.32715,-90.5897
1943.25928,-88.9897
1948.19141,-92.9897
1953.12354,-97.3897
1958.05567,-100.5897
1962.9878,-101.3897
1967.91993,-106.9897
1972.85206,-106.9897
1977.78419,-100.5897
1982.71632,-97.7897
1987.64845,-100.5897
1992.58058,-100.5897
1997.51271,-91.3897
2002.44484,-93.3897
2007.37697,-97.7897
2012.3091,-106.9897
2017.24123,-97.3897
2022.17336,-97.3897
2027.10549,-101.3897
2032.03762,-98.5897
2036.96975,-84.5897
2041.90188,-71.3897
2046.83401,-67.7897
2051.76614,-67.3897
2056.69827,-69.3897
2061.6304,-78.9897
2066.56253,-97.3897
2071.49466,-106.9897
2076.42679,-100.5897
2081.35892,-97.3897
2086.29105,-93.3897
2091.22318,-94.5897
2096.15531,-91.3897
2101.08744,-88.9897
2106.01957,-90.1897
2110.9517,-96.1897
2115.88383,-106.9897
2120.81596,-104.5897
2125.74809,-106.9897
2130.68022,-97.7897
2135.61235,-104.5897
2140.54448,-104.5897
2145.47661,-97.3897
2150.40874,-89.3897
2155.34087,-85.7897
2160.273,-86.9897
2165.20513,-88.1897
2170.13726,-90.1897
2175.06939,-88.9897
2180.00152,-91.7897
2184.93365,-106.9897
2189.86578,-97.7897
2194.79791,-97.7897
2199.73004,-91.3897
2204.66217,-87.3897
2209.5943,-88.1897
2214.52643,-88.5897
2219.45856,-92.1897
2224.39069,-92.1897
2229.32282,-94.5897
2234.25495,-95.3897
2239.18708,-98.5897
2244.11921,-96.1897
2249.05134,-93.3897
2253.98347,-88.5897
2258.9156,-86.5897
2263.84773,-86.5897
2268.77986,-88.1897
2273.71199,-90.5897
2278.64412,-90.9897
2283.57625,-92.5897
2288.50838,-101.3897
2293.44051,-96.1897
2298.37264,-94.9897
2303.30477,-97.7897
2308.2369,-94.9897
2313.16903,-100.5897
2318.10116,-100.5897
2323.03329,-94.9897
2327.96542,-101.3897
2332.89755,-97.3897
2337.82968,-97.7897
2342.76181,-85.7897
2347.69394,-83.7897
2352.62607,-83.3897
2357.5582,-84.5897
2362.49033,-89.7897
2367.42246,-93.3897
2372.35459,-100.5897
2377.28672,-93.3897
2382.21885,-90.5897
2387.15098,-87.3897
2392.08311,-90.5897
2397.01524,-97.3897
2401.94737,-101.3897
2406.8795,-104.5897
2411.81163,-101.3897
2416.74376,-91.3897
2421.67589,-89.7897
2426.60802,-90.1897
2431.54015,-92.9897
2436.47228,-94.9897
2441.40441,-93.3897
2446.33654,-93.3897
2451.26867,-95.3897
2456.2008,-96.1897
2461.13293,-90.1897
2466.06506,-88.5897
2470.99719,-87.3897
2475.92932,-86.5897
2480.86145,-87.3897
2485.79358,-88.5897
2490.72571,-88.5897
2495.65784,-88.5897
2500.58997,-90.9897
2505.5221,-101.3897
2510.45423,-97.7897
2515.38636,-94.5897
2520.31849,-94.5897
2525.25062,-97.3897
2530.18275,-97.3897
2535.11488,-101.3897
2540.04701,-106.9897
2544.97914,-93.3897
2549.91127,-90.5897
2554.8434,-93.3897
2559.77553,-94.5897
2564.70766,-90.1897
2569.63979,-90.9897
2574.57192,-92.1897
2579.50405,-90.1897
2584.43618,-94.5897
2589.36831,-94.9897
2594.30044,-93.3897
2599.23257,-94.9897
2604.1647,-96.1897
2609.09683,-101.3897
2614.02896,-97.3897
2618.96109,-97.3897
2623.89322,-100.5897
2628.82535,-100.5897
2633.75748,-101.3897
2638.68961,-100.5897
2643.62174,-106.9897
2648.55387,-101.3897
2653.486,-106.9897
2658.41813,-88.1897
2663.35026,-86.5897
2668.28239,-78.5897
2673.21452,-53.7897
2678.14665,-45.7897
2683.07878,-44.9897
2688.01091,-45.3897
2692.94304,-50.9897
2697.87517,-81.3897
2702.8073,-89.3897
2707.73943,-89.7897
2712.67156,-92.1897
2717.60369,-89.3897
2722.53582,-93.3897
2727.46795,-92.9897
2732.40008,-95.3897
2737.33221,-97.3897
2742.26434,-101.3897
2747.19647,-100.5897
2752.1286,-101.3897
2757.06073,-101.3897
2761.99286,-101.3897
2766.92499,-94.9897
2771.85712,-91.7897
2776.78925,-90.1897
2781.72138,-89.7897
2786.65351,-101.3897
2791.58564,-106.9897
2796.51777,-100.5897
2801.4499,-96.1897
2806.38203,-97.3897
2811.31416,-100.5897
2816.24629,-100.5897
2821.17842,-106.9897
2826.11055,-94.9897
2831.04268,-95.3897
2835.97481,-94.5897
2840.90694,-93.3897
2845.83907,-94.9897
2850.7712,-93.3897
2855.70333,-90.9897
2860.63546,-92.9897
2865.56759,-86.9897
2870.49972,-86.5897
2875.43185,-87.3897
2880.36398,-86.1897
2885.29611,-89.7897
2890.22824,-89.7897
2895.16037,-89.7897
2900.0925,-90.1897
2905.02463,-90.1897
2909.95676,-90.1897
2914.88889,-94.5897
2919.82102,-97.7897
2924.75315,-100.5897
2929.68528,-93.3897
2934.61741,-90.5897
2939.54954,-93.3897
2944.48167,-94.9897
2949.4138,-94.5897
2954.34593,-93.3897
2959.27806,-94.9897
2964.21019,-98.5897
2969.14232,-98.5897
2974.07445,-101.3897
2979.00658,-100.5897
2983.93871,-89.3897
2988.87084,-88.1897
2993.80297,-92.9897
2998.7351,-92.1897
3003.66723,-90.5897
3008.59936,-78.1897
3013.53149,-76.5897
3018.46362,-76.9897
3023.39575,-80.9897
3028.32788,-104.5897
3033.26001,-93.3897
3038.19214,-91.7897
3043.12427,-106.9897
3048.0564,-97.3897
3052.98853,-94.9897
3057.92066,-92.5897
3062.85279,-97.3897
3067.78492,-97.3897
3072.71705,-96.1897
3077.64918,-100.5897
3082.58131,-100.5897
3087.51344,-94.9897
3092.44557,-95.3897
3097.3777,-94.5897
3102.30983,-96.1897
3107.24196,-94.9897
3112.17409,-100.5897
3117.10622,-100.5897
3122.03835,-93.3897
3126.97048,-93.3897
3131.90261,-98.5897
3136.83474,-101.3897
3141.76687,-106.9897
3146.699,-101.3897
3151.63113,-96.1897
3156.56326,-92.9897
3161.49539,-88.5897
3166.42752,-89.3897
3171.35965,-94.9897
3176.29178,-96.1897
3181.22391,-100.5897
3186.15604,-95.3897
3191.08817,-92.9897
3196.0203,-83.3897
3200.95243,-78.5897
3205.88456,-78.1897
3210.81669,-78.9897
3215.74882,-85.7897
3220.68095,-97.7897
3225.61308,-94.9897
3230.54521,-94.9897
3235.47734,-93.3897
3240.40947,-91.7897
3245.3416,-93.3897
3250.27373,-96.1897
3255.20586,-95.3897
3260.13799,-94.5897
3265.07012,-93.3897
3270.00225,-98.5897
3274.93438,-106.9897
3279.86651,-95.3897
3284.79864,-91.7897
3289.73077,-91.7897
3294.6629,-94.9897
3299.59503,-100.5897
3304.52716,-93.3897
3309.45929,-86.1897
3314.39142,-83.7897
3319.32355,-83.3897
3324.25568,-84.9897
3329.18781,-88.9897
3334.11994,-94.5897
3339.05207,-94.9897
3343.9842,-97.7897
3348.91633,-93.3897
3353.84846,-92.9897
3358.78059,-90.1897
3363.71272,-94.9897
3368.64485,-106.9897
3373.57698,-104.5897
3378.50911,-98.5897
3383.44124,-106.9897
3388.37337,-106.9897
3393.3055,-95.3897
3398.23763,-93.3897
3403.16976,-91.7897
3408.10189,-96.1897
3413.03402,-100.5897
3417.96615,-97.3897
3422.89828,-100.5897
3427.83041,-91.3897
3432.76254,-89.3897
3437.69467,-88.5897
3442.6268,-93.3897
3447.55893,-97.3897
3452.49106,-97.3897
3457.42319,-97.7897
3462.35532,-106.9897
3467.28745,-104.5897
3472.21958,-96.1897
3477.15171,-93.3897
3482.08384,-95.3897
3487.01597,-100.5897
3491.9481,-96.1897
3496.88023,-80.9897
3501.81236,-72.1897
3506.74449,-71.3897
3511.67662,-70.9897
3516.60875,-74.9897
3521.54088,-80.5897
3526.47301,-82.1897
3531.40514,-92.1897
3536.33727,-89.3897
3541.2694,-88.9897
3546.20153,-88.1897
3551.13366,-88.1897
3556.06579,-87.3897
3560.99792,-90.1897
3565.93005,-89.7897
3570.86218,-76.1897
3575.79431,-72.9897
3580.72644,-73.3897
3585.65857,-76.5897
3590.5907,-89.7897
3595.52283,-97.7897
3600.45496,-89.3897
3605.38709,-87.7897
3610.31922,-86.5897
3615.25135,-88.1897
3620.18348,-97.7897
3625.11561,-92.1897
3630.04774,-80.9897
3634.97987,-78.5897
3639.912,-78.9897
3644.84413,-81.7897
3649.77626,-88.1897
3654.70839,-87.7897
3659.64052,-88.9897
3664.57265,-92.9897
3669.50478,-94.9897
3674.43691,-106.9897
3679.36904,-91.3897
3684.30117,-88.5897
3689.2333,-87.7897
3694.16543,-89.7897
3699.09756,-94.5897
3704.02969,-94.5897
3708.96182,-96.1897
3713.89395,-100.5897
3718.82608,-96.1897
3723.75821,-94.5897
3728.69034,-90.5897
3733.62247,-91.7897
3738.5546,-93.3897
3743.48673,-94.9897
3748.41886,-101.3897
3753.35099,-104.5897
3758.28312,-106.9897
3763.21525,-106.9897
3768.14738,-100.5897
3773.07951,-100.5897
3778.01164,-104.5897
3782.94377,-94.9897
3787.8759,-93.3897
3792.80803,-95.3897
3797.74016,-106.9897
3802.67229,-98.5897
3807.60442,-92.9897
3812.53655,-94.9897
3817.46868,-94.9897
3822.40081,-92.1897
3827.33294,-88.9897
3832.26507,-80.9897
3837.1972,-78.9897
3842.12933,-78.9897
3847.06146,-80.5897
3851.99359,-85.7897
3856.92572,-94.9897
3861.85785,-93.3897
3866.78998,-97.3897
3871.72211,-100.5897
3876.65424,-97.3897
3881.58637,-92.5897
3886.5185,-91.3897
3891.45063,-89.7897
3896.38276,-93.3897
3901.31489,-100.5897
3906.24702,-104.5897
3911.17915,-97.3897
3916.11128,-95.3897
3921.04341,-93.3897
3925.97554,-98.5897
3930.90767,-101.3897
3935.8398,-93.3897
3940.77193,-87.7897
3945.70406,-88.1897
3950.63619,-91.3897
3955.56832,-91.7897
3960.50045,-89.3897
3965.43258,-89.3897
3970.36471,-96.1897
3975.29684,-106.9897
3980.22897,-100.5897
3985.1611,-97.3897
3990.09323,-93.3897
3995.02536,-90.1897
3999.95749,-89.7897
4004.88962,-89.3897
4009.82175,-98.5897
4014.75388,-97.3897
4019.68601,-94.5897
4024.61814,-93.3897
4029.55027,-94.9897
4034.4824,-91.7897
4039.41453,-89.7897
4044.34666,-86.9897
4049.27879,-84.9897
4054.21092,-86.1897
4059.14305,-87.7897
4064.07518,-90.5897
4069.00731,-93.3897
4073.93944,-100.5897
4078.87157,-106.9897
4083.8037,-97.3897
4088.73583,-97.3897
4093.66796,-106.9897
4098.60009,-106.9897
4103.53222,-104.5897
4108.46435,-101.3897
4113.39648,-94.9897
4118.32861,-100.5897
4123.26074,-104.5897
4128.19287,-98.5897
4133.125,-88.5897
4138.05713,-88.1897
4142.98926,-87.3897
4147.92139,-88.1897
4152.85352,-94.5897
4157.78565,-97.3897
4162.71778,-97.3897
4167.64991,-104.5897
4172.58204,-97.3897
4177.51417,-93.3897
4182.4463,-98.5897
4187.37843,-101.3897
4192.31056,-106.9897
4197.24269,-94.9897
4202.17482,-101.3897
4207.10695,-104.5897
4212.03908,-104.5897
4216.97121,-101.3897
4221.90334,-98.5897
4226.83547,-96.1897
4231.7676,-97.3897
4236.69973,-101.3897
4241.63186,-101.3897
4246.56399,-93.3897
4251.49612,-89.7897
4256.42825,-86.9897
4261.36038,-85.3897
4266.29251,-86.1897
4271.22464,-88.5897
4276.15677,-88.5897
4281.0889,-90.9897
4286.02103,-90.9897
4290.95316,-93.3897
4295.88529,-104.5897
4300.81742,-104.5897
4305.74955,-93.3897
4310.68168,-91.3897
4315.61381,-93.3897
4320.54594,-94.5897
4325.47807,-98.5897
4330.4102,-104.5897
4335.34233,-93.3897
4340.27446,-96.1897
4345.20659,-97.3897
4350.13872,-92.1897
4355.07085,-98.5897
4360.00298,-97.3897
4364.93511,-94.5897
4369.86724,-90.1897
4374.79937,-94.5897
4379.7315,-101.3897
4384.66363,-96.1897
4389.59576,-95.3897
4394.52789,-94.9897
4399.46002,-94.9897
4404.39215,-94.9897
4409.32428,-97.7897
4414.25641,-97.7897
4419.18854,-98.5897
4424.12067,-100.5897
4429.0528,-96.1897
4433.98493,-97.7897
4438.91706,-104.5897
4443.84919,-100.5897
4448.78132,-88.5897
4453.71345,-86.5897
4458.64558,-82.1897
4463.57771,-60.5897
4468.50984,-55.3897
4473.44197,-55.3897
4478.3741,-56.1897
4483.30623,-64.9897
4488.23836,-82.9897
4493.17049,-92.1897
4498.10262,-94.9897
4503.03475,-89.7897
4507.96688,-93.3897
4512.89901,-94.5897
4517.83114,-106.9897
4522.76327,-96.1897
4527.6954,-97.3897
4532.62753,-101.3897
4537.55966,-101.3897
4542.49179,-101.3897
4547.42392,-106.9897
4552.35605,-106.9897
4557.28818,-100.5897
4562.22031,-94.9897
4567.15244,-91.7897
4572.08457,-91.7897
4577.0167,-94.9897
4581.94883,-97.3897
4586.88096,-98.5897
4591.81309,-100.5897
4596.74522,-104.5897
4601.67735,-101.3897
4606.60948,-97.3897
4611.54161,-97.3897
4616.47374,-91.3897
4621.40587,-90.9897
4626.338,-90.1897
4631.27013,-92.1897
4636.20226,-97.3897
4641.13439,-92.9897
4646.06652,-91.3897
4650.99865,-88.1897
4655.93078,-83.7897
4660.86291,-83.7897
4665.79504,-84.1897
4670.72717,-84.9897
4675.6593,-88.9897
4680.59143,-90.1897
4685.52356,-93.3897
4690.45569,-93.3897
4695.38782,-88.9897
4700.31995,-88.5897
4705.25208,-90.1897
4710.18421,-92.5897
4715.11634,-106.9897
4720.04847,-96.1897
4724.9806,-86.1897
4729.91273,-81.7897
4734.84486,-80.9897
4739.77699,-82.1897
4744.70912,-89.3897
4749.64125,-97.7897
4754.57338,-93.3897
4759.50551,-94.5897
4764.43764,-96.1897
4769.36977,-89.7897
4774.3019,-86.5897
4779.23403,-88.1897
4784.16616,-91.3897
4789.09829,-90.1897
4794.03042,-80.1897
4798.96255,-72.9897
4803.89468,-72.1897
4808.82681,-72.9897
4813.75894,-78.9897
4818.69107,-104.5897
4823.6232,-94.9897
4828.55533,-100.5897
4833.48746,-97.3897
4838.41959,-100.5897
4843.35172,-97.7897
4848.28385,-106.9897
4853.21598,-100.5897
4858.14811,-106.9897
4863.08024,-104.5897
4868.01237,-106.9897
4872.9445,-93.3897
4877.87663,-89.7897
4882.80876,-92.9897
4887.74089,-97.7897
4892.67302,-106.9897
4897.60515,-100.5897
4902.53728,-101.3897
4907.46941,-93.3897
4912.40154,-91.7897
4917.33367,-93.3897
4922.2658,-101.3897
4927.19793,-106.9897
4932.13006,-100.5897
4937.06219,-106.9897
4941.99432,-101.3897
4946.92645,-94.5897
4951.85858,-88.9897
4956.79071,-90.1897
4961.72284,-94.5897
4966.65497,-98.5897
4971.5871,-97.3897
4976.51923,-100.5897
4981.45136,-92.1897
4986.38349,-80.1897
4991.31562,-76.5897
4996.24775,-76.1897
5001.17988,-78.1897
5006.11201,-87.3897
5011.04414,-101.3897
5015.97627,-94.9897
5020.9084,-93.3897
5025.84053,-92.1897
5030.77266,-93.3897
5035.70479,-97.3897
5040.63692,-94.9897
5045.56905,-91.7897
